0 0 0
2.2 2.2 0
0 2.2 2.2
2.2 0 2.2
4.4 0 0
6.6 2.2 0
4.4 2.2 2.2
6.6 0 2.2
8.8 0 0
11 2.2 0
8.8 2.2 2.2
11 0 2.2
0 4.4 0
2.2 6.6 0
0 6.6 2.2
2.2 4.4 2.2
4.4 4.4 0
6.6 6.6 0
4.4 6.6 2.2
6.6 4.4 2.2
8.8 4.4 0
11 6.6 0
8.8 6.6 2.2
11 4.4 2.2
0 8.8 0
2.2 11 0
0 11 2.2
2.2 8.8 2.2
4.4 8.8 0
6.6 11 0
4.4 11 2.2
6.6 8.8 2.2
8.8 8.8 0
11 11 0
8.8 11 2.2
11 8.8 2.2
0 0 4.4
2.2 2.2 4.4
0 2.2 6.6
2.2 0 6.6
4.4 0 4.4
6.6 2.2 4.4
4.4 2.2 6.6
6.6 0 6.6
8.8 0 4.4
11 2.2 4.4
8.8 2.2 6.6
11 0 6.6
0 4.4 4.4
2.2 6.6 4.4
0 6.6 6.6
2.2 4.4 6.6
4.4 4.4 4.4
6.6 6.6 4.4
4.4 6.6 6.6
6.6 4.4 6.6
8.8 4.4 4.4
11 6.6 4.4
8.8 6.6 6.6
11 4.4 6.6
0 8.8 4.4
2.2 11 4.4
0 11 6.6
2.2 8.8 6.6
4.4 8.8 4.4
6.6 11 4.4
4.4 11 6.6
6.6 8.8 6.6
8.8 8.8 4.4
11 11 4.4
8.8 11 6.6
11 8.8 6.6
0 0 8.8
2.2 2.2 8.8
0 2.2 11
2.2 0 11
4.4 0 8.8
6.6 2.2 8.8
4.4 2.2 11
6.6 0 11
8.8 0 8.8
11 2.2 8.8
8.8 2.2 11
11 0 11
0 4.4 8.8
2.2 6.6 8.8
0 6.6 11
2.2 4.4 11
4.4 4.4 8.8
6.6 6.6 8.8
4.4 6.6 11
6.6 4.4 11
8.8 4.4 8.8
11 6.6 8.8
8.8 6.6 11
11 4.4 11
0 8.8 8.8
2.2 11 8.8
0 11 11
2.2 8.8 11
4.4 8.8 8.8
6.6 11 8.8
4.4 11 11
6.6 8.8 11
8.8 8.8 8.8
11 11 8.8
8.8 11 11
11 8.8 11
