0 0.00153839 0.0347286 0.0126357 0.00137672 0.0329342 0.0119465 0.000166811 0.00179704 0.000692217 0.000156614 0.00179177 0.000686317 1.02907e-005 5.20481e-006 5.8867e-006 1.01017e-005 5.33706e-006 5.91434e-006 1.35098e-005 0.00168263 0.000582611 1.38835e-005 0.00335024 0.00115274
1 2.654 2.64639 0.0161236 2.65269 2.64548 0.015274 0.00130674 0.000904697 0.000852017 0.00130644 0.000906184 0.000847134 2.75144e-007 -1.4866e-006 4.90718e-006 3.34223e-007 -1.48559e-006 4.85891e-006 0.0012923 0.000931157 0.000771577 2.63058 2.62987 0.00153515
2 0.0108083 2.6527 2.65127 0.0102161 2.65148 2.65009 0.000594994 0.00121682 0.00118126 0.000589508 0.0012188 0.00117937 5.48664e-006 -1.99434e-006 1.89442e-006 5.48358e-006 -1.96817e-006 1.87413e-006 0.000496993 0.00124834 0.0011507 0.000983227 2.6305 2.6303
3 2.65059 0.00644923 2.65459 2.64948 0.00606795 2.65325 0.00110937 0.00038459 0.00133968 0.00111161 0.000378004 0.00133887 -2.26466e-006 6.61462e-006 7.90028e-007 -2.22516e-006 6.55607e-006 8.21004e-007 0.00114357 0.000275383 0.00132031 2.63029 0.000539838 2.63064
4 5.28165 0.0207641 0.01285 5.28045 0.0196651 0.0121406 0.00119836 0.00110214 0.000713118 0.00120772 0.00109573 0.000705736 -9.43508e-006 6.40042e-006 7.40528e-006 -9.29045e-006 6.40567e-006 7.35983e-006 0.00134327 0.00098732 0.000588399 5.2587 0.00196208 0.00116409
5 7.88532 2.63644 0.0353703 7.88525 2.63602 0.0335456 6.96644e-005 0.000419868 0.00182741 6.85038e-005 0.000419478 0.00182189 1.22153e-006 4.39352e-007 5.46018e-006 1.09964e-006 3.41022e-007 5.57505e-006 6.85356e-005 0.000427502 0.00172163 7.88414 2.62886 0.00343109
6 5.26023 2.63353 2.6627 5.26006 2.63326 2.66096 0.000168636 0.000262997 0.00174375 0.000172405 0.000264271 0.00174314 -3.72858e-006 -1.26995e-006 5.93203e-007 -3.81054e-006 -1.27837e-006 6.37573e-007 0.000249034 0.000287195 0.0017261 5.25651 2.62858 2.63145
7 7.91815 0.0104812 2.62836 7.91645 0.00988194 2.62833 0.00169467 0.000603599 3.12721e-005 0.00169719 0.000594898 2.86681e-005 -2.61734e-006 8.75846e-006 2.70722e-006 -2.41296e-006 8.64294e-006 2.50077e-006 0.00170871 0.000465712 1.61381e-005 7.88741 0.000918529 2.62803
8 0.00181307 5.27496 0.0302249 0.00165017 5.27409 0.028642 0.000167025 0.000866213 0.00158664 0.000158811 0.00087452 0.00157921 8.2574e-006 -8.31485e-006 7.40907e-006 8.17083e-006 -8.29988e-006 7.43622e-006 3.37384e-005 0.0010119 0.00145015 5.46382e-005 5.25804 0.00288638
9 2.64784 7.90503 0.0220231 2.64684 7.90396 0.020866 0.00100001 0.00107307 0.00115994 0.000999507 0.00107063 0.00115427 4.74684e-007 2.45235e-006 5.64696e-006 5.22208e-007 2.41242e-006 5.68568e-006 0.000983694 0.00103646 0.0010528 2.62996 7.88607 0.00209317
10 0.00854737 7.91266 2.6472 0.0080437 7.91123 2.64626 0.000508129 0.00142411 0.000948123 0.000499266 0.00142607 0.000949233 8.92309e-006 -2.05478e-006 -1.10183e-006 8.80255e-006 -1.87861e-006 -1.11772e-006 0.000368373 0.00143258 0.00097062 0.000723816 7.88686 2.62994
11 2.64591 5.25802 2.65867 2.64501 5.25795 2.65713 0.000908093 6.4785e-005 0.00153995 0.000906937 6.75921e-005 0.00153967 1.14906e-006 -2.74287e-006 2.398e-007 1.16319e-006 -2.87135e-006 3.01205e-007 0.000885083 0.000135245 0.00152582 2.62977 5.25628 2.63105
12 5.27708 5.27772 0.016398 5.2761 5.2767 0.0154986 0.000979499 0.00102067 0.000903717 0.000987452 0.0010273 0.000895094 -7.98999e-006 -6.63006e-006 8.6387e-006 -7.91654e-006 -6.62365e-006 8.60816e-006 0.00111009 0.00113779 0.000754769 5.25823 5.25829 0.00149397
13 7.89295 7.91045 0.023244 7.8925 7.90913 0.0220191 0.00045004 0.00132595 0.00122763 0.000449031 0.00132616 0.00122214 1.07196e-006 -2.53061e-007 5.40414e-006 9.46685e-007 -1.63759e-007 5.58509e-006 0.000451175 0.00131643 0.001103 7.8849 7.88663 0.00218925
14 5.27822 7.90706 2.64106 5.27718 7.90589 2.64041 0.00103717 0.00116738 0.00064416 0.00104502 0.00116592 0.000644756 -7.87539e-006 1.45725e-006 -5.73947e-007 -7.8097e-006 1.4565e-006 -6.19382e-007 0.00116676 0.00114133 0.000661647 5.25835 7.88628 2.62933
15 7.89316 5.28502 2.64328 7.89271 5.28364 2.64252 0.000451247 0.00137344 0.000757836 0.000451537 0.00138183 0.000758056 -2.59924e-007 -8.43251e-006 -1.89928e-007 -3.20734e-007 -8.34117e-006 -2.50057e-007 0.000465656 0.0015087 0.000771224 7.88493 5.25903 2.62954
16 0.027097 0.00753827 5.27811 0.0256844 0.00709085 5.27706 0.00141526 0.00045164 0.00104001 0.00141003 0.000443228 0.00104661 5.15348e-006 8.42364e-006 -6.60124e-006 5.29185e-006 8.40104e-006 -6.59577e-006 0.00130109 0.000323007 0.00115682 0.00258714 0.000633365 5.25833
17 2.64643 2.6497 5.2767 2.6455 2.6486 5.2757 0.000939206 0.00109973 0.000991763 0.000937317 0.00109822 0.000996245 1.89887e-006 1.51224e-006 -4.49616e-006 1.8785e-006 1.50911e-006 -4.46824e-006 0.0009086 0.00107309 0.00106809 2.62981 2.63014 5.25814
18 0.0291854 2.64622 7.89607 0.0276719 2.6453 7.89546 0.00151581 0.000928237 0.000607502 0.00151112 0.000926412 0.000606302 4.6149e-006 1.83384e-006 1.26186e-006 4.77296e-006 1.81647e-006 1.1376e-006 0.0014075 0.000898271 0.000605986 0.00280007 2.62979 7.88521
19 2.63953 0.034585 7.88497 2.63897 0.0327996 7.88491 0.000564566 0.00178785 6.42208e-005 0.000565651 0.00178288 6.12915e-005 -1.07417e-006 4.89086e-006 3.03708e-006 -1.09567e-006 5.04151e-006 2.82163e-006 0.000587067 0.00167639 4.53579e-005 2.62918 0.0033378 7.88409
20 5.27156 0.00552518 5.2853 5.27086 0.00517677 5.28391 0.000701584 0.00035253 0.00138399 0.000709193 0.000344331 0.00139287 -7.60067e-006 8.24183e-006 -8.94041e-006 -7.61651e-006 8.15689e-006 -8.8248e-006 0.000839852 0.000219405 0.0015243 5.2577 0.000425976 5.25906
21 7.88606 2.62815 5.28985 7.88595 2.62815 5.28824 0.000106298 2.29696e-006 0.00160376 0.000105161 2.40512e-006 0.00161358 1.20228e-006 -7.269e-008 -9.86203e-006 1.07183e-006 -1.4363e-007 -9.76944e-006 0.000106006 1.48451e-005 0.00175392 7.88421 2.62803 5.25952
22 5.26834 2.64149 7.91312 5.2678 2.64082 7.91169 0.000536858 0.000667627 0.0014316 0.000544943 0.00066797 0.00143448 -8.08567e-006 -3.14219e-007 -2.91345e-006 -8.08473e-006 -3.71026e-007 -2.84345e-006 0.0006804 0.000682455 0.00147233 5.25738 2.62937 7.88695
23 7.90306 0.0244257 7.90387 7.90208 0.0231223 7.90287 0.000976211 0.00130725 0.00100299 0.000973537 0.00129943 0.0010023 2.69864e-006 7.74985e-006 6.65266e-007 2.64958e-006 7.88868e-006 7.06068e-007 0.000937013 0.00114757 0.000984547 7.88587 0.00227538 7.88597
24 0.0198257 5.26285 5.28328 0.0187908 5.26256 5.282 0.00103675 0.000282683 0.00127457 0.00103303 0.000288895 0.00128401 3.65701e-006 -6.16751e-006 -9.47021e-006 3.79342e-006 -6.25668e-006 -9.39843e-006 0.000949371 0.000388918 0.00143171 0.0018866 5.25679 5.25888
25 2.64267 7.89771 5.28375 2.64192 7.89704 5.28244 0.000752705 0.000666524 0.00131114 0.000750604 0.000668623 0.00131936 2.11624e-006 -2.11378e-006 -8.26092e-006 2.08545e-006 -2.08468e-006 -8.17635e-006 0.000719937 0.000699393 0.00144456 2.62944 7.8854 5.2589
26 0.0290034 7.88793 7.90637 0.0274826 7.88773 7.90523 0.00152382 0.000204643 0.00114168 0.00151778 0.000202819 0.00113902 5.93042e-006 1.90433e-006 2.6812e-006 6.15434e-006 1.74367e-006 2.6279e-006 0.00138247 0.000197133 0.00110297 0.00274546 7.8844 7.8862
27 2.64105 5.27966 7.90469 2.6404 5.27856 7.90366 0.000648391 0.00109493 0.00102556 0.000648342 0.00110418 0.00102616 8.78437e-008 -9.28077e-006 -5.76284e-007 1.06528e-008 -9.21531e-006 -6.2411e-007 0.000659285 0.00125 0.00104327 2.62932 5.25852 7.88609
28 5.28385 5.27321 5.26248 5.28253 5.27241 5.26221 0.00131821 0.000797795 0.000268989 0.00132611 0.00080404 0.000273413 -7.93571e-006 -6.23884e-006 -4.33641e-006 -7.86735e-006 -6.2514e-006 -4.51189e-006 0.00144845 0.000911 0.000374821 5.25891 5.25783 5.25676
29 7.8925 7.9003 5.28466 7.89206 7.89947 5.28331 0.000437688 0.00082698 0.00134637 0.000435173 0.000825901 0.00135496 2.6132e-006 1.06921e-006 -8.57957e-006 2.41729e-006 1.08758e-006 -8.60768e-006 0.000423199 0.000804719 0.00150275 7.88485 7.88561 5.25902
30 5.2677 7.91004 7.90404 5.26721 7.90874 7.90302 0.000489494 0.00129412 0.00102006 0.000498731 0.00129592 0.00101808 -9.20254e-006 -1.87698e-006 1.99766e-006 -9.27229e-006 -1.71572e-006 1.97063e-006 0.000663708 0.00130119 0.000988621 5.25735 7.8866 7.88597
31 7.90028 5.26207 7.91463 7.89945 5.26185 7.9131 0.000824945 0.000218083 0.00153157 0.000823985 0.000225861 0.00153223 9.46611e-007 -7.70928e-006 -7.2355e-007 9.72214e-007 -7.84763e-006 -6.14463e-007 0.000803824 0.000377203 0.00152692 7.8856 5.25677 7.88705
