<<<<<<< HEAD
5 1 0 0
27.8027 27.7751 0.0275755 80
27.8027 27.7751 0.0275764 53.3352
27.8027 27.7751 0.0275764 53.3352
27.8027 27.7751 0.0275764 53.3352
27.8027 27.7751 0.0275764 53.3352
=======
1
27.7751 0.0275755 80
27.7751 0.0275764 53.3352
27.7751 0.0275764 53.3352
27.7751 0.0275764 53.3352
27.7751 0.0275764 53.3352
27.7751 0.0275764 53.3352
27.7751 0.0275764 53.3352
27.7751 0.0275764 53.3352
27.7751 0.0275764 53.3352
27.7751 0.0275764 53.3352
>>>>>>> babbe42d8c52b262569fb4efeb6091d013049dc6
